36.0000	35.6000	35.5000	35.1000	445934
35.6000	35.5000	35.1000	34.9500	23827
35.5000	35.1000	34.9500	34.8500	85690
35.1000	34.9500	34.8500	35.2000	97753
34.9500	34.8500	35.2000	35.5000	3140
34.8500	35.2000	35.5000	34.8500	2613
35.2000	35.5000	34.8500	35.4000	3016
35.5000	34.8500	35.4000	35.5000	13626
34.8500	35.4000	35.5000	35.4800	57928
35.4000	35.5000	35.4800	35.3800	2438
35.5000	35.4800	35.3800	34.8500	505
35.4800	35.3800	34.8500	35.0000	49004
35.3800	34.8500	35.0000	34.8400	145
34.8500	35.0000	34.8400	34.9000	63
35.0000	34.8400	34.9000	34.8500	77478
34.8400	34.9000	34.8500	34.7500	40900
34.9000	34.8500	34.7500	34.8000	13155
34.8500	34.7500	34.8000	34.6500	6014
34.7500	34.8000	34.6500	34.8000	25680
34.8000	34.6500	34.8000	34.6000	15199
34.6500	34.8000	34.6000	34.7000	32675
34.8000	34.6000	34.7000	34.7000	5520
34.6000	34.7000	34.7000	34.6500	33436
34.7000	34.7000	34.6500	34.8000	12850
34.7000	34.6500	34.8000	34.7500	49794
34.6500	34.8000	34.7500	34.8000	7679
34.8000	34.7500	34.8000	34.8500	3310
34.7500	34.8000	34.8500	34.9000	21427
34.8000	34.8500	34.9000	34.7000	14524
34.8500	34.9000	34.7000	34.8000	3781
34.9000	34.7000	34.8000	34.9000	12203
34.7000	34.8000	34.9000	34.8000	3952
34.8000	34.9000	34.8000	34.6000	6412
34.9000	34.8000	34.6000	34.0000	13837
34.8000	34.6000	34.0000	33.7000	1112
34.6000	34.0000	33.7000	34.8800	622
34.0000	33.7000	34.8800	34.9200	10057
33.7000	34.8800	34.9200	34.9200	1051
34.8800	34.9200	34.9200	34.9000	14142
34.9200	34.9200	34.9000	34.7000	11191
34.9200	34.9000	34.7000	34.8000	15246
34.9000	34.7000	34.8000	34.6000	43507
34.7000	34.8000	34.6000	34.7900	2031
34.8000	34.6000	34.7900	34.7000	15814
34.6000	34.7900	34.7000	34.3700	4575
34.7900	34.7000	34.3700	34.6000	70382
34.7000	34.3700	34.6000	35.9100	16795
34.3700	34.6000	35.9100	36.6300	11416
34.6000	35.9100	36.6300	36.6200	3783
35.9100	36.6300	36.6200	36.8800	34353
36.6300	36.6200	36.8800	36.9000	247329
36.6200	36.8800	36.9000	36.9000	17220
36.8800	36.9000	36.9000	37.0000	9176
36.9000	36.9000	37.0000	37.3000	10153
36.9000	37.0000	37.3000	37.1800	5135
37.0000	37.3000	37.1800	37.1500	38543
37.3000	37.1800	37.1500	37.0000	7018
37.1800	37.1500	37.0000	37.6000	2388
37.1500	37.0000	37.6000	38.0000	11520
37.0000	37.6000	38.0000	38.0000	818
37.6000	38.0000	38.0000	37.7000	15239
38.0000	38.0000	37.7000	37.7500	6156
38.0000	37.7000	37.7500	37.4500	1978
37.7000	37.7500	37.4500	37.1500	88523
37.7500	37.4500	37.1500	37.1000	5567
37.4500	37.1500	37.1000	37.0000	4334
37.1500	37.1000	37.0000	37.1000	3209
37.1000	37.0000	37.1000	37.0000	18871
37.0000	37.1000	37.0000	37.0000	2870
37.1000	37.0000	37.0000	37.1000	3347
37.0000	37.0000	37.1000	37.3000	5657
37.0000	37.1000	37.3000	37.0500	2096
37.1000	37.3000	37.0500	37.3500	2077
37.3000	37.0500	37.3500	37.0000	6863
37.0500	37.3500	37.0000	36.6700	12949
37.3500	37.0000	36.6700	36.5500	4867
37.0000	36.6700	36.5500	36.7900	12838
36.6700	36.5500	36.7900	37.6000	23901
36.5500	36.7900	37.6000	37.7000	1415
36.7900	37.6000	37.7000	37.8000	2472
37.6000	37.7000	37.8000	37.9000	8411
37.7000	37.8000	37.9000	39.1000	1954
37.8000	37.9000	39.1000	39.4900	3656
37.9000	39.1000	39.4900	39.3000	36330
39.1000	39.4900	39.3000	38.7000	140099
39.4900	39.3000	38.7000	38.5500	6168
39.3000	38.7000	38.5500	38.5000	34894
38.7000	38.5500	38.5000	38.8000	29612
38.5500	38.5000	38.8000	37.8000	12403
38.5000	38.8000	37.8000	37.8000	6677
38.8000	37.8000	37.8000	37.9000	8689
37.8000	37.8000	37.9000	37.5000	13638
37.8000	37.9000	37.5000	37.3000	628
37.9000	37.5000	37.3000	37.8000	11568
37.5000	37.3000	37.8000	38.1500	3052
37.3000	37.8000	38.1500	38.2500	12330
37.8000	38.1500	38.2500	38.7500	2066
38.1500	38.2500	38.7500	39.7000	45197
38.2500	38.7500	39.7000	39.3500	7033
38.7500	39.7000	39.3500	39.1000	27933
39.7000	39.3500	39.1000	39.5000	151360
39.3500	39.1000	39.5000	39.6000	85429
39.1000	39.5000	39.6000	39.5000	48254
39.5000	39.6000	39.5000	39.5000	6170
39.6000	39.5000	39.5000	39.7500	7261
39.5000	39.5000	39.7500	39.7900	6415
39.5000	39.7500	39.7900	39.7400	11965
39.7500	39.7900	39.7400	40.1300	6276
39.7900	39.7400	40.1300	39.9000	10562
39.7400	40.1300	39.9000	39.7500	39521
40.1300	39.9000	39.7500	39.8000	30740
39.9000	39.7500	39.8000	39.4900	1510
39.7500	39.8000	39.4900	39.7000	2286
39.8000	39.4900	39.7000	39.7000	655
39.4900	39.7000	39.7000	39.7000	8284
39.7000	39.7000	39.7000	39.6500	9948
39.7000	39.7000	39.6500	39.6900	1992
39.7000	39.6500	39.6900	39.8000	1608
39.6500	39.6900	39.8000	40.5000	13708
39.6900	39.8000	40.5000	41.0000	1300
39.8000	40.5000	41.0000	40.9200	48253
40.5000	41.0000	40.9200	40.8600	4089
41.0000	40.9200	40.8600	40.8000	46795
40.9200	40.8600	40.8000	40.8000	11205
40.8600	40.8000	40.8000	41.1300	14886
40.8000	40.8000	41.1300	41.4000	2940
40.8000	41.1300	41.4000	41.2000	3608
41.1300	41.4000	41.2000	41.4800	4619
41.4000	41.2000	41.4800	41.4000	1997
41.2000	41.4800	41.4000	40.8000	2415
41.4800	41.4000	40.8000	41.0000	18207
41.4000	40.8000	41.0000	40.8000	47901
40.8000	41.0000	40.8000	40.7000	568
41.0000	40.8000	40.7000	40.0000	1060
40.8000	40.7000	40.0000	39.9500	303
40.7000	40.0000	39.9500	40.0000	16141
40.0000	39.9500	40.0000	40.1000	4732
39.9500	40.0000	40.1000	39.9000	1918
40.0000	40.1000	39.9000	39.9900	8003
40.1000	39.9000	39.9900	39.9000	1652
39.9000	39.9900	39.9000	40.2400	6589
39.9900	39.9000	40.2400	39.9100	3318
39.9000	40.2400	39.9100	39.9300	5379
40.2400	39.9100	39.9300	39.9000	12818
39.9100	39.9300	39.9000	39.8800	25415
39.9300	39.9000	39.8800	39.9000	1616
39.9000	39.8800	39.9000	39.8800	4012
39.8800	39.9000	39.8800	40.0000	5142
39.9000	39.8800	40.0000	39.9000	4264
39.8800	40.0000	39.9000	39.3900	8706
40.0000	39.9000	39.3900	38.8000	13343
39.9000	39.3900	38.8000	38.3000	19160
39.3900	38.8000	38.3000	36.5000	7876
38.8000	38.3000	36.5000	36.1600	1119
38.3000	36.5000	36.1600	37.5500	2926
36.5000	36.1600	37.5500	38.0000	10072
36.1600	37.5500	38.0000	38.4900	2213
37.5500	38.0000	38.4900	38.8000	7088
38.0000	38.4900	38.8000	39.0000	5144
38.4900	38.8000	39.0000	39.9500	101525
38.8000	39.0000	39.9500	40.0000	57959
39.0000	39.9500	40.0000	40.0000	3373
39.9500	40.0000	40.0000	39.9300	52333
40.0000	40.0000	39.9300	39.5000	55416
40.0000	39.9300	39.5000	39.2100	5770
39.9300	39.5000	39.2100	39.0000	1853
39.5000	39.2100	39.0000	39.0000	1387
39.2100	39.0000	39.0000	39.0000	700
39.0000	39.0000	39.0000	38.5000	1108
39.0000	39.0000	38.5000	38.6000	923
39.0000	38.5000	38.6000	38.0200	58
38.5000	38.6000	38.0200	38.3500	25641
38.6000	38.0200	38.3500	38.0000	194
38.0200	38.3500	38.0000	37.4000	6710
38.3500	38.0000	37.4000	37.5000	4675
38.0000	37.4000	37.5000	37.5000	18684
37.4000	37.5000	37.5000	36.5000	1151
37.5000	37.5000	36.5000	37.3800	2405
37.5000	36.5000	37.3800	36.5000	2826
36.5000	37.3800	36.5000	36.4500	1619
37.3800	36.5000	36.4500	38.5000	157
36.5000	36.4500	38.5000	38.7500	31178
36.4500	38.5000	38.7500	38.6000	76084
38.5000	38.7500	38.6000	38.5000	11269
38.7500	38.6000	38.5000	38.5000	441
38.6000	38.5000	38.5000	38.9000	250
38.5000	38.5000	38.9000	38.9000	262
38.5000	38.9000	38.9000	39.0000	985
38.9000	38.9000	39.0000	39.0000	1665
38.9000	39.0000	39.0000	38.6000	1311
39.0000	39.0000	38.6000	38.7000	2846
39.0000	38.6000	38.7000	38.7000	581
38.6000	38.7000	38.7000	38.6300	1626
38.7000	38.7000	38.6300	38.6000	421
38.7000	38.6300	38.6000	38.4000	1813
38.6300	38.6000	38.4000	38.6000	2728
38.6000	38.4000	38.6000	38.8000	1375
38.4000	38.6000	38.8000	39.4000	486
38.6000	38.8000	39.4000	39.0000	484
38.8000	39.4000	39.0000	39.3000	3325
39.4000	39.0000	39.3000	39.0000	5226
39.0000	39.3000	39.0000	39.5000	954
39.3000	39.0000	39.5000	39.6000	927
39.0000	39.5000	39.6000	39.8900	692
39.5000	39.6000	39.8900	39.7500	27763
39.6000	39.8900	39.7500	39.7500	2771
39.8900	39.7500	39.7500	39.7500	1648
39.7500	39.7500	39.7500	39.7300	1848
39.7500	39.7500	39.7300	39.2000	473
39.7500	39.7300	39.2000	39.8400	3662
39.7300	39.2000	39.8400	40.6500	3162
39.2000	39.8400	40.6500	40.0000	1134
39.8400	40.6500	40.0000	39.8000	3389
40.6500	40.0000	39.8000	39.7000	3770
40.0000	39.8000	39.7000	39.7500	900
39.8000	39.7000	39.7500	39.9200	229
39.7000	39.7500	39.9200	40.9900	656
39.7500	39.9200	40.9900	40.4000	3203
39.9200	40.9900	40.4000	40.6000	22383
40.9900	40.4000	40.6000	42.0000	10982
40.4000	40.6000	42.0000	41.6000	7730
40.6000	42.0000	41.6000	41.8000	10873
42.0000	41.6000	41.8000	41.4800	8481
41.6000	41.8000	41.4800	41.4500	657
41.8000	41.4800	41.4500	41.8000	3768
41.4800	41.4500	41.8000	41.3300	12384
41.4500	41.8000	41.3300	41.3800	6076
41.8000	41.3300	41.3800	41.2500	5077
41.3300	41.3800	41.2500	43.2000	418
41.3800	41.2500	43.2000	42.9900	11288
41.2500	43.2000	42.9900	44.3400	16076
43.2000	42.9900	44.3400	47.0000	106328
42.9900	44.3400	47.0000	46.9500	46149
44.3400	47.0000	46.9500	46.0000	11737
47.0000	46.9500	46.0000	45.6700	174990
46.9500	46.0000	45.6700	43.9800	21882
46.0000	45.6700	43.9800	44.8900	1840
45.6700	43.9800	44.8900	45.2000	7762
43.9800	44.8900	45.2000	44.5800	3591
44.8900	45.2000	44.5800	43.9700	3555
45.2000	44.5800	43.9700	44.5000	3034
44.5800	43.9700	44.5000	44.5100	1675
43.9700	44.5000	44.5100	43.7000	18648
44.5000	44.5100	43.7000	44.6000	6074
44.5100	43.7000	44.6000	45.0000	2056
43.7000	44.6000	45.0000	45.5000	4847
44.6000	45.0000	45.5000	45.9900	5708
45.0000	45.5000	45.9900	45.9900	1344
45.5000	45.9900	45.9900	44.8100	1212
45.9900	45.9900	44.8100	44.0000	4559
45.9900	44.8100	44.0000	43.8500	1245
44.8100	44.0000	43.8500	44.6800	1778
44.0000	43.8500	44.6800	45.3000	4692
43.8500	44.6800	45.3000	48.0000	64656
44.6800	45.3000	48.0000	49.6500	13771
45.3000	48.0000	49.6500	49.8900	37487
48.0000	49.6500	49.8900	49.7000	19452
49.6500	49.8900	49.7000	49.4300	29908
49.8900	49.7000	49.4300	48.4500	3627
49.7000	49.4300	48.4500	47.0100	21476
49.4300	48.4500	47.0100	47.0000	3097
48.4500	47.0100	47.0000	46.4700	3381
47.0100	47.0000	46.4700	46.4700	738
47.0000	46.4700	46.4700	46.9900	2871
46.4700	46.4700	46.9900	47.0000	4071
46.4700	46.9900	47.0000	46.4900	529
46.9900	47.0000	46.4900	46.6600	1262
47.0000	46.4900	46.6600	47.0000	945
46.4900	46.6600	47.0000	46.9700	1666
46.6600	47.0000	46.9700	46.8000	803
47.0000	46.9700	46.8000	46.8000	462
46.9700	46.8000	46.8000	47.5000	1224
46.8000	46.8000	47.5000	47.4900	3717
46.8000	47.5000	47.4900	47.4900	25216
47.5000	47.4900	47.4900	47.3900	29504
47.4900	47.4900	47.3900	46.5000	858
47.4900	47.3900	46.5000	46.1000	483
47.3900	46.5000	46.1000	46.3000	4586
46.5000	46.1000	46.3000	46.6000	110
46.1000	46.3000	46.6000	46.3900	7095
46.3000	46.6000	46.3900	46.6900	2815
46.6000	46.3900	46.6900	46.5000	2154
46.3900	46.6900	46.5000	45.2900	512
46.6900	46.5000	45.2900	46.0000	450
46.5000	45.2900	46.0000	46.3500	13180
45.2900	46.0000	46.3500	46.4000	36677
46.0000	46.3500	46.4000	47.3000	54358
46.3500	46.4000	47.3000	47.3200	5825
46.4000	47.3000	47.3200	47.0000	14370
47.3000	47.3200	47.0000	47.0000	6582
47.3200	47.0000	47.0000	46.3000	1765
47.0000	47.0000	46.3000	47.4900	291
47.0000	46.3000	47.4900	47.4800	366
46.3000	47.4900	47.4800	46.2500	718
47.4900	47.4800	46.2500	46.2400	342
47.4800	46.2500	46.2400	45.7500	491
46.2500	46.2400	45.7500	45.8600	346
46.2400	45.7500	45.8600	46.5000	1975
45.7500	45.8600	46.5000	46.0000	3700
45.8600	46.5000	46.0000	46.6000	232
46.5000	46.0000	46.6000	46.4000	278
46.0000	46.6000	46.4000	46.3200	492
46.6000	46.4000	46.3200	46.5200	280
46.4000	46.3200	46.5200	47.0300	888
46.3200	46.5200	47.0300	47.5000	481
46.5200	47.0300	47.5000	49.4000	537
47.0300	47.5000	49.4000	49.9000	413
47.5000	49.4000	49.9000	49.9000	10482
49.4000	49.9000	49.9000	49.8500	7062
49.9000	49.9000	49.8500	49.7000	13537
49.9000	49.8500	49.7000	49.7000	42907
49.8500	49.7000	49.7000	49.6800	2158
49.7000	49.7000	49.6800	48.9400	818
49.7000	49.6800	48.9400	49.1000	6398
49.6800	48.9400	49.1000	49.8000	183
48.9400	49.1000	49.8000	49.9000	1052
49.1000	49.8000	49.9000	49.7500	906
49.8000	49.9000	49.7500	49.9500	5853
49.9000	49.7500	49.9500	49.3900	543
49.7500	49.9500	49.3900	48.8500	751
49.9500	49.3900	48.8500	48.9500	2847
49.3900	48.8500	48.9500	48.9500	1120
48.8500	48.9500	48.9500	47.3600	443
48.9500	48.9500	47.3600	48.8900	319
48.9500	47.3600	48.8900	48.4500	8454
47.3600	48.8900	48.4500	48.5000	239
48.8900	48.4500	48.5000	49.0000	5642
48.4500	48.5000	49.0000	48.3100	277
48.5000	49.0000	48.3100	48.9900	2010
49.0000	48.3100	48.9900	51.0000	228
48.3100	48.9900	51.0000	52.4900	667
48.9900	51.0000	52.4900	51.9800	2582
51.0000	52.4900	51.9800	51.9800	40678
52.4900	51.9800	51.9800	54.5000	43806
51.9800	51.9800	54.5000	57.7000	748
51.9800	54.5000	57.7000	56.9800	2913
54.5000	57.7000	56.9800	56.9000	5700
57.7000	56.9800	56.9000	56.9000	49167
56.9800	56.9000	56.9000	55.9800	4162
56.9000	56.9000	55.9800	55.4000	7923
56.9000	55.9800	55.4000	55.0000	7945
55.9800	55.4000	55.0000	54.1500	2959
55.4000	55.0000	54.1500	54.7700	3689
55.0000	54.1500	54.7700	55.3000	2674
54.1500	54.7700	55.3000	54.5000	3034
54.7700	55.3000	54.5000	55.0000	2062
55.3000	54.5000	55.0000	55.0500	1953
54.5000	55.0000	55.0500	54.9900	7425
55.0000	55.0500	54.9900	54.4800	3496
55.0500	54.9900	54.4800	54.9400	53714
54.9900	54.4800	54.9400	54.8800	4365
54.4800	54.9400	54.8800	56.3000	10430
54.9400	54.8800	56.3000	56.4800	319
54.8800	56.3000	56.4800	58.3300	853
56.3000	56.4800	58.3300	58.0000	702
56.4800	58.3300	58.0000	58.9600	8059
58.3300	58.0000	58.9600	58.4000	10027
58.0000	58.9600	58.4000	55.9500	13468
58.9600	58.4000	55.9500	54.9000	3951
58.4000	55.9500	54.9000	53.3000	7749
55.9500	54.9000	53.3000	53.8000	2939
54.9000	53.3000	53.8000	56.0000	5086
53.3000	53.8000	56.0000	55.9000	11124
53.8000	56.0000	55.9000	57.0000	7430
56.0000	55.9000	57.0000	56.8000	3142
55.9000	57.0000	56.8000	56.8000	1399
57.0000	56.8000	56.8000	55.6000	4316
56.8000	56.8000	55.6000	55.9500	4909
56.8000	55.6000	55.9500	56.1000	4995
55.6000	55.9500	56.1000	56.5000	3034
55.9500	56.1000	56.5000	56.2000	4773
56.1000	56.5000	56.2000	56.0000	21909
56.5000	56.2000	56.0000	56.3000	1718
56.2000	56.0000	56.3000	55.1600	14856
56.0000	56.3000	55.1600	54.8800	200
56.3000	55.1600	54.8800	54.0000	771
55.1600	54.8800	54.0000	54.0000	21293
54.8800	54.0000	54.0000	54.9800	12750
54.0000	54.0000	54.9800	54.0000	3642
54.0000	54.9800	54.0000	54.9900	9613
54.9800	54.0000	54.9900	55.0000	192
54.0000	54.9900	55.0000	54.7000	3509
54.9900	55.0000	54.7000	54.4000	1936
55.0000	54.7000	54.4000	54.2000	20269
54.7000	54.4000	54.2000	54.0000	25495
54.4000	54.2000	54.0000	54.5000	21535
54.2000	54.0000	54.5000	55.0000	64304
54.0000	54.5000	55.0000	55.4700	6945
54.5000	55.0000	55.4700	55.9900	3766
55.0000	55.4700	55.9900	55.3000	27710
55.4700	55.9900	55.3000	55.0000	258
55.9900	55.3000	55.0000	54.5500	5878
55.3000	55.0000	54.5500	53.9000	3636
55.0000	54.5500	53.9000	52.9700	3033
54.5500	53.9000	52.9700	51.3400	2069
53.9000	52.9700	51.3400	51.4500	1828
52.9700	51.3400	51.4500	52.1900	246944
51.3400	51.4500	52.1900	52.8500	92806
51.4500	52.1900	52.8500	52.7900	65396
52.1900	52.8500	52.7900	52.7900	33969
52.8500	52.7900	52.7900	52.7900	19708
52.7900	52.7900	52.7900	52.7900	3646
52.7900	52.7900	52.7900	52.7800	21546
52.7900	52.7900	52.7800	52.7700	7530
52.7900	52.7800	52.7700	52.6000	3263
52.7800	52.7700	52.6000	52.5000	11447
52.7700	52.6000	52.5000	52.3000	2984
52.6000	52.5000	52.3000	52.5000	22833
52.5000	52.3000	52.5000	54.9800	21078
52.3000	52.5000	54.9800	54.8100	25327
52.5000	54.9800	54.8100	54.4000	2765
54.9800	54.8100	54.4000	54.0000	21470
54.8100	54.4000	54.0000	54.2000	13781
54.4000	54.0000	54.2000	53.7000	4032
54.0000	54.2000	53.7000	54.0200	9375
54.2000	53.7000	54.0200	54.0000	1150
53.7000	54.0200	54.0000	54.0000	5831
54.0200	54.0000	54.0000	54.0100	1455
54.0000	54.0000	54.0100	55.4000	15286
54.0000	54.0100	55.4000	55.4800	5547
54.0100	55.4000	55.4800	55.4000	3205
55.4000	55.4800	55.4000	55.2000	4613
55.4800	55.4000	55.2000	54.9900	37394
55.4000	55.2000	54.9900	55.0000	64370
55.2000	54.9900	55.0000	57.0000	1786
54.9900	55.0000	57.0000	56.0000	28076
55.0000	57.0000	56.0000	55.9500	3229
57.0000	56.0000	55.9500	59.4000	51360
56.0000	55.9500	59.4000	61.5000	15901
55.9500	59.4000	61.5000	59.9500	26983
59.4000	61.5000	59.9500	59.7500	51690
61.5000	59.9500	59.7500	58.5000	107366
59.9500	59.7500	58.5000	58.5000	41222
59.7500	58.5000	58.5000	58.2700	48476
58.5000	58.5000	58.2700	58.0000	24930
58.5000	58.2700	58.0000	57.6500	14350
58.2700	58.0000	57.6500	57.2500	41803
58.0000	57.6500	57.2500	57.9000	4724
57.6500	57.2500	57.9000	57.9700	3947
57.2500	57.9000	57.9700	57.5100	2054
57.9000	57.9700	57.5100	57.2000	9430
57.9700	57.5100	57.2000	57.4000	5265
57.5100	57.2000	57.4000	57.7000	2575
57.2000	57.4000	57.7000	57.4500	29449
57.4000	57.7000	57.4500	59.5000	16548
57.7000	57.4500	59.5000	57.4500	39431
57.4500	59.5000	57.4500	57.5000	57525
59.5000	57.4500	57.5000	57.3000	13544
57.4500	57.5000	57.3000	56.7000	13314
57.5000	57.3000	56.7000	57.4000	3622
57.3000	56.7000	57.4000	57.6900	9160
56.7000	57.4000	57.6900	57.5800	25228
57.4000	57.6900	57.5800	57.1900	94506
57.6900	57.5800	57.1900	57.0500	5393
57.5800	57.1900	57.0500	57.0000	2230
57.1900	57.0500	57.0000	56.7900	6635
57.0500	57.0000	56.7900	57.7200	199
57.0000	56.7900	57.7200	58.8500	5170
56.7900	57.7200	58.8500	58.3000	11063
57.7200	58.8500	58.3000	58.0000	24498
58.8500	58.3000	58.0000	57.5000	17677
58.3000	58.0000	57.5000	57.0000	20829
58.0000	57.5000	57.0000	57.8000	1486
57.5000	57.0000	57.8000	57.5000	4483
57.0000	57.8000	57.5000	57.3000	1365
57.8000	57.5000	57.3000	55.5000	10755
57.5000	57.3000	55.5000	55.6000	5872
57.3000	55.5000	55.6000	55.8000	56458
55.5000	55.6000	55.8000	55.5000	36865
55.6000	55.8000	55.5000	56.6000	27971
55.8000	55.5000	56.6000	55.4500	5232
55.5000	56.6000	55.4500	55.4500	1968
56.6000	55.4500	55.4500	56.3000	5702
55.4500	55.4500	56.3000	56.0000	2271
55.4500	56.3000	56.0000	55.7500	12762
56.3000	56.0000	55.7500	55.9900	1427
56.0000	55.7500	55.9900	56.0000	4786
55.7500	55.9900	56.0000	55.9700	3221
55.9900	56.0000	55.9700	55.9000	2501
56.0000	55.9700	55.9000	55.8700	5233
55.9700	55.9000	55.8700	55.3800	60045
55.9000	55.8700	55.3800	55.0000	4272
55.8700	55.3800	55.0000	55.0000	805
55.3800	55.0000	55.0000	54.9700	13414
55.0000	55.0000	54.9700	54.5100	47263
55.0000	54.9700	54.5100	53.8900	573
54.9700	54.5100	53.8900	53.7900	53781
54.5100	53.8900	53.7900	53.7900	16629
53.8900	53.7900	53.7900	53.6400	49840
53.7900	53.7900	53.6400	53.7900	41404
53.7900	53.6400	53.7900	53.8500	26955
53.6400	53.7900	53.8500	53.8400	832
53.7900	53.8500	53.8400	53.7900	129162
53.8500	53.8400	53.7900	55.4500	2412
53.8400	53.7900	55.4500	54.0000	119446
53.7900	55.4500	54.0000	53.7600	46269
55.4500	54.0000	53.7600	53.2200	15288
54.0000	53.7600	53.2200	52.6100	390
53.7600	53.2200	52.6100	52.0000	54762
53.2200	52.6100	52.0000	51.7500	975
52.6100	52.0000	51.7500	51.4000	6540
52.0000	51.7500	51.4000	51.8700	11054
51.7500	51.4000	51.8700	51.7700	21087
51.4000	51.8700	51.7700	50.0000	19877
51.8700	51.7700	50.0000	49.8000	13883
51.7700	50.0000	49.8000	49.8500	26647
50.0000	49.8000	49.8500	51.1600	42579
49.8000	49.8500	51.1600	51.7900	40386
49.8500	51.1600	51.7900	52.9000	61942
51.1600	51.7900	52.9000	52.9500	2824
51.7900	52.9000	52.9500	55.9000	9933
52.9000	52.9500	55.9000	55.5000	55483
52.9500	55.9000	55.5000	55.8700	2361
55.9000	55.5000	55.8700	55.5000	31838
55.5000	55.8700	55.5000	55.8700	14881
55.8700	55.5000	55.8700	55.5000	5117
55.5000	55.8700	55.5000	55.4500	3723
55.8700	55.5000	55.4500	55.0000	48709
55.5000	55.4500	55.0000	54.9900	3273
55.4500	55.0000	54.9900	54.9000	6776
55.0000	54.9900	54.9000	54.5100	545
54.9900	54.9000	54.5100	55.0000	7392
54.9000	54.5100	55.0000	54.5000	4649
54.5100	55.0000	54.5000	54.5900	1041
55.0000	54.5000	54.5900	54.4400	5402
54.5000	54.5900	54.4400	54.0000	331
54.5900	54.4400	54.0000	54.3000	15575
54.4400	54.0000	54.3000	54.4100	34949
54.0000	54.3000	54.4100	54.4200	3355
54.3000	54.4100	54.4200	54.4000	2823
54.4100	54.4200	54.4000	54.0000	765
54.4200	54.4000	54.0000	53.8400	405
54.4000	54.0000	53.8400	53.8400	468
54.0000	53.8400	53.8400	54.0000	18051
53.8400	53.8400	54.0000	53.9500	3002
53.8400	54.0000	53.9500	54.0000	5360
54.0000	53.9500	54.0000	53.5000	3684
53.9500	54.0000	53.5000	53.0000	6588
54.0000	53.5000	53.0000	53.1000	16704
53.5000	53.0000	53.1000	52.9100	105799
53.0000	53.1000	52.9100	53.0000	43236
53.1000	52.9100	53.0000	53.0000	43611
52.9100	53.0000	53.0000	53.0000	49927
53.0000	53.0000	53.0000	53.0000	7251
53.0000	53.0000	53.0000	53.0000	3417
53.0000	53.0000	53.0000	52.8000	30027
53.0000	53.0000	52.8000	52.6000	3009
53.0000	52.8000	52.6000	53.0000	212
52.8000	52.6000	53.0000	53.0000	20420
52.6000	53.0000	53.0000	52.9900	752
53.0000	53.0000	52.9900	53.0000	9745
53.0000	52.9900	53.0000	53.9800	3750
52.9900	53.0000	53.9800	53.9500	9522
53.0000	53.9800	53.9500	53.4500	3250
53.9800	53.9500	53.4500	52.9800	32183
53.9500	53.4500	52.9800	52.9900	10698
53.4500	52.9800	52.9900	53.8500	1345
52.9800	52.9900	53.8500	53.7800	26076
52.9900	53.8500	53.7800	52.9400	1342
53.8500	53.7800	52.9400	52.5000	2407
53.7800	52.9400	52.5000	52.4900	4240
52.9400	52.5000	52.4900	51.9000	3504
52.5000	52.4900	51.9000	51.3000	1666
52.4900	51.9000	51.3000	51.6800	943
51.9000	51.3000	51.6800	52.9900	10537
51.3000	51.6800	52.9900	52.0000	6964
51.6800	52.9900	52.0000	52.8800	366
52.9900	52.0000	52.8800	52.8700	210
52.0000	52.8800	52.8700	52.8800	27280
52.8800	52.8700	52.8800	52.9900	4679
52.8700	52.8800	52.9900	53.0000	3302
52.8800	52.9900	53.0000	52.4900	332
52.9900	53.0000	52.4900	51.5500	520
53.0000	52.4900	51.5500	51.3100	371
52.4900	51.5500	51.3100	50.4000	482
51.5500	51.3100	50.4000	51.5000	725
51.3100	50.4000	51.5000	49.4900	563
50.4000	51.5000	49.4900	49.7000	7715
51.5000	49.4900	49.7000	49.9800	3821
49.4900	49.7000	49.9800	49.0000	69086
49.7000	49.9800	49.0000	48.5000	2219
49.9800	49.0000	48.5000	46.6200	1280
49.0000	48.5000	46.6200	46.4500	784
48.5000	46.6200	46.4500	46.2500	8968
46.6200	46.4500	46.2500	46.4800	5391
46.4500	46.2500	46.4800	46.3000	57639
46.2500	46.4800	46.3000	46.5000	3357
46.4800	46.3000	46.5000	46.7000	202462
46.3000	46.5000	46.7000	46.5000	112641
46.5000	46.7000	46.5000	45.6000	2348
46.7000	46.5000	45.6000	45.0100	182502
46.5000	45.6000	45.0100	44.7000	3269
45.6000	45.0100	44.7000	45.8000	3206
45.0100	44.7000	45.8000	47.5500	50746
44.7000	45.8000	47.5500	46.6000	45647
45.8000	47.5500	46.6000	45.9500	1208
47.5500	46.6000	45.9500	46.0500	159701
46.6000	45.9500	46.0500	45.1000	65742
45.9500	46.0500	45.1000	45.7800	4145
46.0500	45.1000	45.7800	45.8300	8629
45.1000	45.7800	45.8300	45.5800	18490
45.7800	45.8300	45.5800	45.0000	2662
45.8300	45.5800	45.0000	45.6000	57401
45.5800	45.0000	45.6000	45.4900	45195
45.0000	45.6000	45.4900	44.9900	908
45.6000	45.4900	44.9900	43.6000	194
45.4900	44.9900	43.6000	44.4000	4110
44.9900	43.6000	44.4000	45.0000	53455
43.6000	44.4000	45.0000	44.7400	2555
44.4000	45.0000	44.7400	45.0000	1679
45.0000	44.7400	45.0000	43.2000	99
44.7400	45.0000	43.2000	42.9900	275
45.0000	43.2000	42.9900	42.4000	203295
43.2000	42.9900	42.4000	42.1000	1328
42.9900	42.4000	42.1000	44.0000	55548
42.4000	42.1000	44.0000	44.0000	50676
42.1000	44.0000	44.0000	45.4900	38107
44.0000	44.0000	45.4900	44.6800	56318
44.0000	45.4900	44.6800	44.1000	30092
45.4900	44.6800	44.1000	42.9500	6609
44.6800	44.1000	42.9500	43.1700	1213
44.1000	42.9500	43.1700	43.4000	2200
42.9500	43.1700	43.4000	43.1100	27408
43.1700	43.4000	43.1100	42.4900	1631
43.4000	43.1100	42.4900	43.0000	1838
43.1100	42.4900	43.0000	43.0000	2704
42.4900	43.0000	43.0000	43.6000	6116
43.0000	43.0000	43.6000	43.5000	46067
43.0000	43.6000	43.5000	43.8500	21905
43.6000	43.5000	43.8500	43.0000	13531
43.5000	43.8500	43.0000	42.5000	7669
43.8500	43.0000	42.5000	42.5000	23354
43.0000	42.5000	42.5000	44.9000	2977
42.5000	42.5000	44.9000	44.9500	2275
42.5000	44.9000	44.9500	44.2300	6233
44.9000	44.9500	44.2300	44.2600	54218
44.9500	44.2300	44.2600	44.0100	10196
44.2300	44.2600	44.0100	43.0000	577
44.2600	44.0100	43.0000	43.0000	110
44.0100	43.0000	43.0000	43.5000	2170
43.0000	43.0000	43.5000	43.1900	426
43.0000	43.5000	43.1900	43.3000	650
43.5000	43.1900	43.3000	44.2600	22022
43.1900	43.3000	44.2600	44.2400	329
43.3000	44.2600	44.2400	44.2500	16484
44.2600	44.2400	44.2500	44.3000	1234
44.2400	44.2500	44.3000	43.9800	5976
44.2500	44.3000	43.9800	43.5000	2745
44.3000	43.9800	43.5000	44.0000	3217
43.9800	43.5000	44.0000	44.5000	278
43.5000	44.0000	44.5000	45.8900	533
44.0000	44.5000	45.8900	46.0000	21536
44.5000	45.8900	46.0000	45.8500	6467
45.8900	46.0000	45.8500	45.8400	20357
46.0000	45.8500	45.8400	45.2700	1957
45.8500	45.8400	45.2700	45.5000	3968
45.8400	45.2700	45.5000	45.4900	493
45.2700	45.5000	45.4900	44.8800	349
45.5000	45.4900	44.8800	45.4000	4299
45.4900	44.8800	45.4000	45.0000	32724
44.8800	45.4000	45.0000	45.5000	6207
45.4000	45.0000	45.5000	47.4000	6233
45.0000	45.5000	47.4000	50.4500	9623
45.5000	47.4000	50.4500	50.4000	26994
47.4000	50.4500	50.4000	50.2000	8841
50.4500	50.4000	50.2000	48.2000	17986
50.4000	50.2000	48.2000	48.5000	32271
50.2000	48.2000	48.5000	48.4000	6068
48.2000	48.5000	48.4000	48.4000	5211
48.5000	48.4000	48.4000	49.5000	487
48.4000	48.4000	49.5000	51.4000	75907
48.4000	49.5000	51.4000	51.6000	8542
49.5000	51.4000	51.6000	50.4000	40347
51.4000	51.6000	50.4000	50.4000	63273
51.6000	50.4000	50.4000	50.0000	35541
50.4000	50.4000	50.0000	50.0000	1699
50.4000	50.0000	50.0000	50.4000	18377
50.0000	50.0000	50.4000	52.0000	2446
50.0000	50.4000	52.0000	52.8000	5735
50.4000	52.0000	52.8000	51.8000	43396
52.0000	52.8000	51.8000	50.0000	72063
52.8000	51.8000	50.0000	51.4000	146193
51.8000	50.0000	51.4000	52.2000	954
50.0000	51.4000	52.2000	52.0000	2763
51.4000	52.2000	52.0000	52.0000	3791
52.2000	52.0000	52.0000	52.2000	52081
52.0000	52.0000	52.2000	52.2000	454
52.0000	52.2000	52.2000	52.0000	1486
52.2000	52.2000	52.0000	52.2000	156
52.2000	52.0000	52.2000	51.8000	11641
52.0000	52.2000	51.8000	52.0000	4632
52.2000	51.8000	52.0000	50.4000	273270
51.8000	52.0000	50.4000	51.0000	8974
52.0000	50.4000	51.0000	51.4000	818
50.4000	51.0000	51.4000	53.8000	13730
51.0000	51.4000	53.8000	54.4000	748
51.4000	53.8000	54.4000	54.4000	3929
53.8000	54.4000	54.4000	54.0000	116999
54.4000	54.4000	54.0000	54.0000	8069
54.4000	54.0000	54.0000	53.2000	43133
54.0000	54.0000	53.2000	54.0000	15862
54.0000	53.2000	54.0000	53.2000	1560
53.2000	54.0000	53.2000	53.2000	433
54.0000	53.2000	53.2000	53.0000	750
53.2000	53.2000	53.0000	52.4000	1591
53.2000	53.0000	52.4000	53.2000	1520
53.0000	52.4000	53.2000	53.2000	3454
52.4000	53.2000	53.2000	52.0000	9689
53.2000	53.2000	52.0000	53.0000	1373
53.2000	52.0000	53.0000	53.0000	87209
52.0000	53.0000	53.0000	53.0000	10
53.0000	53.0000	53.0000	52.2000	10592
53.0000	53.0000	52.2000	53.0000	15650
53.0000	52.2000	53.0000	53.4000	4792
52.2000	53.0000	53.4000	53.4000	417
53.0000	53.4000	53.4000	54.0000	4260
53.4000	53.4000	54.0000	54.6000	34182
53.4000	54.0000	54.6000	55.0000	833
54.0000	54.6000	55.0000	54.0000	46576
54.6000	55.0000	54.0000	54.2000	20019
55.0000	54.0000	54.2000	54.0000	3548
54.0000	54.2000	54.0000	53.0000	1646
54.2000	54.0000	53.0000	54.0000	131449
54.0000	53.0000	54.0000	54.0000	5035
53.0000	54.0000	54.0000	54.0000	149
54.0000	54.0000	54.0000	54.0000	186
54.0000	54.0000	54.0000	53.6000	117601
54.0000	54.0000	53.6000	52.6000	71013
54.0000	53.6000	52.6000	52.2000	12126
53.6000	52.6000	52.2000	53.0000	60
52.6000	52.2000	53.0000	52.8000	3287
52.2000	53.0000	52.8000	54.0000	7551
53.0000	52.8000	54.0000	54.0000	3631
52.8000	54.0000	54.0000	54.8000	7270
54.0000	54.0000	54.8000	54.0000	51424
54.0000	54.8000	54.0000	53.8000	247
54.8000	54.0000	53.8000	53.8000	11042
54.0000	53.8000	53.8000	53.6000	577
53.8000	53.8000	53.6000	54.0000	7094
53.8000	53.6000	54.0000	54.0000	13037
53.6000	54.0000	54.0000	54.0000	11005
54.0000	54.0000	54.0000	55.8000	16159
54.0000	54.0000	55.8000	56.0000	4107
54.0000	55.8000	56.0000	56.4000	50578
55.8000	56.0000	56.4000	56.2000	45669
56.0000	56.4000	56.2000	56.2000	11312
56.4000	56.2000	56.2000	55.0000	78905
56.2000	56.2000	55.0000	54.8000	66358
56.2000	55.0000	54.8000	55.6000	4722
55.0000	54.8000	55.6000	56.0000	5057
54.8000	55.6000	56.0000	56.0000	1643
55.6000	56.0000	56.0000	56.0000	11427
56.0000	56.0000	56.0000	56.0000	34218
56.0000	56.0000	56.0000	56.0000	75483
56.0000	56.0000	56.0000	56.0000	34782
56.0000	56.0000	56.0000	56.6000	68518
56.0000	56.0000	56.6000	56.6000	411
56.0000	56.6000	56.6000	56.0000	4465
56.6000	56.6000	56.0000	56.6000	10437
56.6000	56.0000	56.6000	57.0000	11591
56.0000	56.6000	57.0000	56.0000	23232
56.6000	57.0000	56.0000	55.8000	135
57.0000	56.0000	55.8000	54.0000	24854
56.0000	55.8000	54.0000	55.4000	13449
55.8000	54.0000	55.4000	55.2000	20788
54.0000	55.4000	55.2000	54.4000	10510
55.4000	55.2000	54.4000	55.0000	56205
55.2000	54.4000	55.0000	54.2000	1427
54.4000	55.0000	54.2000	54.0000	2348
55.0000	54.2000	54.0000	52.6000	13560
54.2000	54.0000	52.6000	54.8000	6047
54.0000	52.6000	54.8000	53.4000	13194
52.6000	54.8000	53.4000	54.8000	326
54.8000	53.4000	54.8000	54.4000	12438
53.4000	54.8000	54.4000	54.0000	86
54.8000	54.4000	54.0000	53.6000	929
54.4000	54.0000	53.6000	52.8000	1616
54.0000	53.6000	52.8000	52.6000	1564
53.6000	52.8000	52.6000	52.0000	3057
52.8000	52.6000	52.0000	51.8000	36936
52.6000	52.0000	51.8000	52.4000	2390
52.0000	51.8000	52.4000	51.0000	7604
51.8000	52.4000	51.0000	51.0000	22058
52.4000	51.0000	51.0000	51.0000	8512
51.0000	51.0000	51.0000	50.2000	786
51.0000	51.0000	50.2000	50.0000	7343
51.0000	50.2000	50.0000	50.8000	951
50.2000	50.0000	50.8000	50.8000	36081
50.0000	50.8000	50.8000	50.2000	81392
50.8000	50.8000	50.2000	50.8000	919
50.8000	50.2000	50.8000	50.8000	2558
50.2000	50.8000	50.8000	50.8000	6307
50.8000	50.8000	50.8000	55.0000	306
50.8000	50.8000	55.0000	50.8000	357
50.8000	55.0000	50.8000	50.4000	2163
55.0000	50.8000	50.4000	50.6000	3940
50.8000	50.4000	50.6000	50.4000	26282
50.4000	50.6000	50.4000	50.4000	7171
50.6000	50.4000	50.4000	50.0000	27845
50.4000	50.4000	50.0000	50.0000	5118
50.4000	50.0000	50.0000	49.4000	5656
50.0000	50.0000	49.4000	49.5000	4344
50.0000	49.4000	49.5000	50.8000	2913
49.4000	49.5000	50.8000	49.3000	32
49.5000	50.8000	49.3000	48.0000	1568
50.8000	49.3000	48.0000	48.2000	66350
49.3000	48.0000	48.2000	48.6000	16341
48.0000	48.2000	48.6000	48.6000	60
48.2000	48.6000	48.6000	48.9000	6148
48.6000	48.6000	48.9000	49.0000	31591
48.6000	48.9000	49.0000	49.2000	1269
48.9000	49.0000	49.2000	49.8000	6149
49.0000	49.2000	49.8000	48.3000	5102
49.2000	49.8000	48.3000	48.9000	13446
49.8000	48.3000	48.9000	48.8000	639
48.3000	48.9000	48.8000	48.8000	18605
48.9000	48.8000	48.8000	48.0000	320
48.8000	48.8000	48.0000	48.0000	47720
48.8000	48.0000	48.0000	48.4000	4249
48.0000	48.0000	48.4000	48.4000	246
48.0000	48.4000	48.4000	48.8000	664
48.4000	48.4000	48.8000	49.3000	20050
48.4000	48.8000	49.3000	50.8000	30
48.8000	49.3000	50.8000	50.8000	87
49.3000	50.8000	50.8000	53.0000	3065
50.8000	50.8000	53.0000	53.0000	45826
50.8000	53.0000	53.0000	55.6000	2973
53.0000	53.0000	55.6000	57.0000	1891
53.0000	55.6000	57.0000	57.0000	6812
55.6000	57.0000	57.0000	57.0000	120404
57.0000	57.0000	57.0000	57.0000	21180
57.0000	57.0000	57.0000	55.0000	20792
57.0000	57.0000	55.0000	52.0000	107788
57.0000	55.0000	52.0000	49.9000	5726
55.0000	52.0000	49.9000	50.0000	4485
52.0000	49.9000	50.0000	52.0000	3048
49.9000	50.0000	52.0000	52.6000	56438
50.0000	52.0000	52.6000	53.8000	9956
52.0000	52.6000	53.8000	52.8000	1440
52.6000	53.8000	52.8000	54.0000	1311
53.8000	52.8000	54.0000	52.4000	14615
52.8000	54.0000	52.4000	52.0000	282
54.0000	52.4000	52.0000	54.0000	24543
52.4000	52.0000	54.0000	50.8000	10120
52.0000	54.0000	50.8000	50.4000	82
54.0000	50.8000	50.4000	52.2000	633
50.8000	50.4000	52.2000	51.0000	2227
50.4000	52.2000	51.0000	50.8000	455
52.2000	51.0000	50.8000	51.0000	5590
51.0000	50.8000	51.0000	51.6000	24617
50.8000	51.0000	51.6000	52.4000	38086
51.0000	51.6000	52.4000	52.0000	4785
51.6000	52.4000	52.0000	51.6000	6889
52.4000	52.0000	51.6000	52.0000	13024
52.0000	51.6000	52.0000	51.6000	1988
51.6000	52.0000	51.6000	51.6000	9116
52.0000	51.6000	51.6000	51.6000	717
51.6000	51.6000	51.6000	50.8000	65
51.6000	51.6000	50.8000	51.0000	832
51.6000	50.8000	51.0000	51.0000	230
50.8000	51.0000	51.0000	51.8000	10591
51.0000	51.0000	51.8000	54.0000	7553
51.0000	51.8000	54.0000	54.0000	6842
51.8000	54.0000	54.0000	53.6000	4704
54.0000	54.0000	53.6000	54.0000	8294
54.0000	53.6000	54.0000	54.0000	17724
53.6000	54.0000	54.0000	52.6000	15037
54.0000	54.0000	52.6000	54.0000	752
54.0000	52.6000	54.0000	51.0000	346
52.6000	54.0000	51.0000	51.4000	1042
54.0000	51.0000	51.4000	51.4000	1211
51.0000	51.4000	51.4000	52.2000	1125
51.4000	51.4000	52.2000	52.8000	5573
51.4000	52.2000	52.8000	53.0000	35045
52.2000	52.8000	53.0000	53.4000	7203
52.8000	53.0000	53.4000	53.4000	26815
53.0000	53.4000	53.4000	55.0000	8779
53.4000	53.4000	55.0000	55.0000	188
53.4000	55.0000	55.0000	54.0000	494
55.0000	55.0000	54.0000	54.0000	29517
55.0000	54.0000	54.0000	53.6000	4449
54.0000	54.0000	53.6000	53.2000	3094
54.0000	53.6000	53.2000	53.0000	1169
53.6000	53.2000	53.0000	52.0000	896
53.2000	53.0000	52.0000	50.4000	1773
53.0000	52.0000	50.4000	50.0000	4950
52.0000	50.4000	50.0000	50.4000	3097
50.4000	50.0000	50.4000	50.0000	25038
50.0000	50.4000	50.0000	50.6000	10021
50.4000	50.0000	50.6000	50.0000	7020
50.0000	50.6000	50.0000	50.0000	3444
50.6000	50.0000	50.0000	50.4000	369
50.0000	50.0000	50.4000	52.0000	26
50.0000	50.4000	52.0000	51.4000	3952
50.4000	52.0000	51.4000	53.0000	9840
52.0000	51.4000	53.0000	53.0000	2220
51.4000	53.0000	53.0000	52.0000	41102
53.0000	53.0000	52.0000	52.0000	1251
53.0000	52.0000	52.0000	52.8000	1169
52.0000	52.0000	52.8000	53.0000	45731
52.0000	52.8000	53.0000	53.0000	7445
52.8000	53.0000	53.0000	54.0000	7900
53.0000	53.0000	54.0000	53.4000	78159
53.0000	54.0000	53.4000	53.4000	5214
54.0000	53.4000	53.4000	52.0000	67012
53.4000	53.4000	52.0000	52.0000	11845
53.4000	52.0000	52.0000	52.0000	31580
52.0000	52.0000	52.0000	51.8000	11274
52.0000	52.0000	51.8000	53.6000	157729
52.0000	51.8000	53.6000	53.6000	793
51.8000	53.6000	53.6000	53.6000	358
53.6000	53.6000	53.6000	54.0000	13511
53.6000	53.6000	54.0000	53.6000	8962
53.6000	54.0000	53.6000	53.8000	11458
54.0000	53.6000	53.8000	53.4000	54203
53.6000	53.8000	53.4000	53.4000	55968
53.8000	53.4000	53.4000	53.6000	19908
53.4000	53.4000	53.6000	53.6000	7284
53.4000	53.6000	53.6000	54.0000	7157
53.6000	53.6000	54.0000	53.6000	28240
53.6000	54.0000	53.6000	55.0000	441
54.0000	53.6000	55.0000	54.8000	9441
53.6000	55.0000	54.8000	55.2000	1248
55.0000	54.8000	55.2000	54.8000	37983
54.8000	55.2000	54.8000	55.0000	1451
55.2000	54.8000	55.0000	56.8000	3390
54.8000	55.0000	56.8000	58.0000	23841
55.0000	56.8000	58.0000	58.2000	33422
56.8000	58.0000	58.2000	58.4000	59520
58.0000	58.2000	58.4000	58.2000	39104
58.2000	58.4000	58.2000	57.8000	28503
58.4000	58.2000	57.8000	58.4000	4503
58.2000	57.8000	58.4000	59.0000	25519
57.8000	58.4000	59.0000	59.0000	4447
58.4000	59.0000	59.0000	59.4000	84046
59.0000	59.0000	59.4000	60.2000	2674
59.0000	59.4000	60.2000	60.2000	13278
59.4000	60.2000	60.2000	60.0000	3519
60.2000	60.2000	60.0000	59.8000	9329
60.2000	60.0000	59.8000	59.0000	4486
60.0000	59.8000	59.0000	58.4000	5123
59.8000	59.0000	58.4000	58.0000	6590
59.0000	58.4000	58.0000	58.0000	1597
58.4000	58.0000	58.0000	59.0000	2414
58.0000	58.0000	59.0000	57.6000	3952
58.0000	59.0000	57.6000	57.6000	45149
59.0000	57.6000	57.6000	58.2000	1621
57.6000	57.6000	58.2000	59.0000	64
57.6000	58.2000	59.0000	59.0000	3877
58.2000	59.0000	59.0000	57.8000	4338
59.0000	59.0000	57.8000	57.6000	432
59.0000	57.8000	57.6000	56.6000	4693
57.8000	57.6000	56.6000	56.0000	1482
57.6000	56.6000	56.0000	55.4000	7020
56.6000	56.0000	55.4000	56.2000	16448
56.0000	55.4000	56.2000	56.8000	4058
55.4000	56.2000	56.8000	56.0000	1995
56.2000	56.8000	56.0000	55.8000	526
56.8000	56.0000	55.8000	56.8000	8145
56.0000	55.8000	56.8000	56.6000	1412
55.8000	56.8000	56.6000	58.0000	1433
56.8000	56.6000	58.0000	57.2000	13986
56.6000	58.0000	57.2000	57.6000	386
58.0000	57.2000	57.6000	57.2000	12100
57.2000	57.6000	57.2000	57.2000	31508
57.6000	57.2000	57.2000	58.0000	6151
57.2000	57.2000	58.0000	60.8000	9253
57.2000	58.0000	60.8000	60.0000	828
58.0000	60.8000	60.0000	59.0000	6316
60.8000	60.0000	59.0000	58.4000	21179
60.0000	59.0000	58.4000	59.0000	2361
59.0000	58.4000	59.0000	59.2000	110
58.4000	59.0000	59.2000	58.8000	8782
59.0000	59.2000	58.8000	59.8000	719
59.2000	58.8000	59.8000	59.8000	3192
58.8000	59.8000	59.8000	59.6000	302
59.8000	59.8000	59.6000	59.8000	1137
59.8000	59.6000	59.8000	60.0000	241368
59.6000	59.8000	60.0000	60.0000	4516
59.8000	60.0000	60.0000	59.8000	8640
60.0000	60.0000	59.8000	59.8000	1038
60.0000	59.8000	59.8000	60.8000	2693
59.8000	59.8000	60.8000	60.8000	2753
59.8000	60.8000	60.8000	61.0000	22774
60.8000	60.8000	61.0000	60.8000	84436
60.8000	61.0000	60.8000	60.0000	25509
61.0000	60.8000	60.0000	59.0000	892
60.8000	60.0000	59.0000	59.8000	934
60.0000	59.0000	59.8000	59.8000	358
59.0000	59.8000	59.8000	59.6000	16124
59.8000	59.8000	59.6000	59.6000	1329
59.8000	59.6000	59.6000	60.0000	3865
59.6000	59.6000	60.0000	60.0000	18231
59.6000	60.0000	60.0000	60.0000	9528
60.0000	60.0000	60.0000	59.8000	11890
60.0000	60.0000	59.8000	59.0000	1049
60.0000	59.8000	59.0000	58.2000	596
59.8000	59.0000	58.2000	57.8000	7949
59.0000	58.2000	57.8000	58.4000	6359
58.2000	57.8000	58.4000	58.2000	385
57.8000	58.4000	58.2000	61.0000	20663
58.4000	58.2000	61.0000	60.4000	61158
58.2000	61.0000	60.4000	59.0000	10743
61.0000	60.4000	59.0000	58.8000	3468
60.4000	59.0000	58.8000	57.4000	1733
59.0000	58.8000	57.4000	56.8000	1969
58.8000	57.4000	56.8000	56.4000	8499
57.4000	56.8000	56.4000	56.8000	20224
56.8000	56.4000	56.8000	56.8000	3085
56.4000	56.8000	56.8000	58.0000	3193
56.8000	56.8000	58.0000	58.2000	7083
56.8000	58.0000	58.2000	57.2000	24058
58.0000	58.2000	57.2000	57.2000	24120
58.2000	57.2000	57.2000	57.8000	2994
57.2000	57.2000	57.8000	58.6000	417
57.2000	57.8000	58.6000	58.6000	341
57.8000	58.6000	58.6000	58.0000	732
58.6000	58.6000	58.0000	59.8000	31115
58.6000	58.0000	59.8000	59.8000	20214
58.0000	59.8000	59.8000	60.0000	862
59.8000	59.8000	60.0000	60.4000	2721
59.8000	60.0000	60.4000	59.6000	31727
60.0000	60.4000	59.6000	63.0000	1518
60.4000	59.6000	63.0000	63.0000	1175
59.6000	63.0000	63.0000	62.8000	3959
63.0000	63.0000	62.8000	62.8000	20680
63.0000	62.8000	62.8000	63.2000	96102
62.8000	62.8000	63.2000	63.0000	65994
62.8000	63.2000	63.0000	63.2000	38182
63.2000	63.0000	63.2000	63.2000	29246
63.0000	63.2000	63.2000	63.8000	3681
63.2000	63.2000	63.8000	63.6000	5220
63.2000	63.8000	63.6000	63.0000	2453
63.8000	63.6000	63.0000	63.8000	3197
63.6000	63.0000	63.8000	63.6000	1219
63.0000	63.8000	63.6000	63.2000	8189
63.8000	63.6000	63.2000	63.0000	46073
63.6000	63.2000	63.0000	63.0000	53177
63.2000	63.0000	63.0000	63.6000	51737
63.0000	63.0000	63.6000	63.0000	3175
63.0000	63.6000	63.0000	63.8000	1442
63.6000	63.0000	63.8000	62.8000	4067
63.0000	63.8000	62.8000	63.0000	2298
63.8000	62.8000	63.0000	61.0000	4676
62.8000	63.0000	61.0000	60.8000	348
63.0000	61.0000	60.8000	60.8000	888
61.0000	60.8000	60.8000	61.0000	12491
60.8000	60.8000	61.0000	61.2000	3410
60.8000	61.0000	61.2000	61.4000	2904
61.0000	61.2000	61.4000	61.2000	650
61.2000	61.4000	61.2000	62.0000	612
61.4000	61.2000	62.0000	62.0000	1339
61.2000	62.0000	62.0000	63.0000	711
62.0000	62.0000	63.0000	62.8000	5974
62.0000	63.0000	62.8000	62.8000	2264
63.0000	62.8000	62.8000	63.6000	3083
62.8000	62.8000	63.6000	63.4000	3937
62.8000	63.6000	63.4000	62.8000	581
63.6000	63.4000	62.8000	62.6000	44010
63.4000	62.8000	62.6000	63.0000	10437
62.8000	62.6000	63.0000	62.4000	6478
62.6000	63.0000	62.4000	63.2000	114187
63.0000	62.4000	63.2000	63.0000	5244
62.4000	63.2000	63.0000	63.6000	599
63.2000	63.0000	63.6000	62.8000	5354
63.0000	63.6000	62.8000	62.2000	5536
63.6000	62.8000	62.2000	63.4000	53739
62.8000	62.2000	63.4000	63.0000	8570
62.2000	63.4000	63.0000	63.0000	1808
63.4000	63.0000	63.0000	63.0000	1053
63.0000	63.0000	63.0000	62.2000	1739
63.0000	63.0000	62.2000	62.6000	34521
63.0000	62.2000	62.6000	61.8000	1358
62.2000	62.6000	61.8000	61.0000	5242
62.6000	61.8000	61.0000	61.0000	2832
61.8000	61.0000	61.0000	60.6000	1029
61.0000	61.0000	60.6000	61.8000	2258
61.0000	60.6000	61.8000	61.4000	2939
60.6000	61.8000	61.4000	61.8000	918
61.8000	61.4000	61.8000	63.4000	4525
61.4000	61.8000	63.4000	63.0000	989
61.8000	63.4000	63.0000	63.0000	556
63.4000	63.0000	63.0000	63.2000	2711
63.0000	63.0000	63.2000	63.0000	4977
63.0000	63.2000	63.0000	62.6000	7099
63.2000	63.0000	62.6000	63.0000	7129
63.0000	62.6000	63.0000	63.0000	8846
62.6000	63.0000	63.0000	63.8000	17014
63.0000	63.0000	63.8000	63.8000	2802
63.0000	63.8000	63.8000	66.4000	3028
63.8000	63.8000	66.4000	66.0000	19710
63.8000	66.4000	66.0000	66.0000	3388
66.4000	66.0000	66.0000	66.0000	13827
66.0000	66.0000	66.0000	65.8000	66620
66.0000	66.0000	65.8000	65.8000	5325
66.0000	65.8000	65.8000	66.0000	8989
65.8000	65.8000	66.0000	66.4000	13170
65.8000	66.0000	66.4000	67.0000	33906
66.0000	66.4000	67.0000	69.0000	23391
66.4000	67.0000	69.0000	66.8000	11465
67.0000	69.0000	66.8000	66.6000	26079
69.0000	66.8000	66.6000	67.2000	17587
66.8000	66.6000	67.2000	68.6000	23318
66.6000	67.2000	68.6000	67.4000	2333
67.2000	68.6000	67.4000	66.4000	7140
68.6000	67.4000	66.4000	66.0000	1166
67.4000	66.4000	66.0000	66.6000	57015
66.4000	66.0000	66.6000	66.8000	303
66.0000	66.6000	66.8000	68.8000	326
66.6000	66.8000	68.8000	68.4000	1388
66.8000	68.8000	68.4000	67.8000	2316
68.8000	68.4000	67.8000	66.8000	899
68.4000	67.8000	66.8000	67.4000	701
67.8000	66.8000	67.4000	65.8000	1968
66.8000	67.4000	65.8000	66.4000	15571
67.4000	65.8000	66.4000	64.0000	52171
65.8000	66.4000	64.0000	63.8000	4547
66.4000	64.0000	63.8000	64.0000	16376
64.0000	63.8000	64.0000	66.0000	20515
63.8000	64.0000	66.0000	66.2000	1968
64.0000	66.0000	66.2000	65.0000	3864
66.0000	66.2000	65.0000	67.6000	510
66.2000	65.0000	67.6000	66.4000	18939
65.0000	67.6000	66.4000	65.6000	1350
67.6000	66.4000	65.6000	65.2000	3131
66.4000	65.6000	65.2000	64.8000	951
65.6000	65.2000	64.8000	65.4000	961
65.2000	64.8000	65.4000	66.0000	5834
64.8000	65.4000	66.0000	65.6000	40
65.4000	66.0000	65.6000	66.0000	1238
66.0000	65.6000	66.0000	68.0000	4529
65.6000	66.0000	68.0000	69.0000	2326
66.0000	68.0000	69.0000	68.6000	2045
68.0000	69.0000	68.6000	66.6000	6582
69.0000	68.6000	66.6000	67.8000	6254
68.6000	66.6000	67.8000	68.6000	2020
66.6000	67.8000	68.6000	68.4000	838
67.8000	68.6000	68.4000	69.0000	6252
68.6000	68.4000	69.0000	69.0000	7979
68.4000	69.0000	69.0000	68.8000	51305
69.0000	69.0000	68.8000	68.8000	940
69.0000	68.8000	68.8000	69.0000	200
68.8000	68.8000	69.0000	68.4000	5584
68.8000	69.0000	68.4000	68.8000	922
69.0000	68.4000	68.8000	68.4000	4701
68.4000	68.8000	68.4000	68.0000	5919
68.8000	68.4000	68.0000	69.0000	3351
68.4000	68.0000	69.0000	68.8000	3338
68.0000	69.0000	68.8000	69.0000	284
69.0000	68.8000	69.0000	67.0000	1814
68.8000	69.0000	67.0000	70.0000	2711
69.0000	67.0000	70.0000	69.0000	2394
67.0000	70.0000	69.0000	70.0000	28649
70.0000	69.0000	70.0000	69.6000	11899
69.0000	70.0000	69.6000	70.6000	1054
70.0000	69.6000	70.6000	69.4000	35449
69.6000	70.6000	69.4000	70.0000	9579
70.6000	69.4000	70.0000	70.0000	32977
69.4000	70.0000	70.0000	71.8000	6483
70.0000	70.0000	71.8000	71.4000	3858
70.0000	71.8000	71.4000	78.0000	5834
71.8000	71.4000	78.0000	81.0000	2093
71.4000	78.0000	81.0000	81.0000	26463
78.0000	81.0000	81.0000	74.8000	17921
81.0000	81.0000	74.8000	76.4000	16515
81.0000	74.8000	76.4000	78.4000	9982
74.8000	76.4000	78.4000	80.0000	8940
76.4000	78.4000	80.0000	79.0000	21897
78.4000	80.0000	79.0000	78.6000	6300
80.0000	79.0000	78.6000	78.4000	19607
79.0000	78.6000	78.4000	78.2000	3662
78.6000	78.4000	78.2000	78.4000	2039
78.4000	78.2000	78.4000	80.6000	2565
78.2000	78.4000	80.6000	82.6000	36446
78.4000	80.6000	82.6000	83.0000	9571
80.6000	82.6000	83.0000	81.8000	15838
82.6000	83.0000	81.8000	81.2000	4678
83.0000	81.8000	81.2000	82.0000	20318
81.8000	81.2000	82.0000	81.8000	1376
81.2000	82.0000	81.8000	81.6000	1213
82.0000	81.8000	81.6000	82.4000	44854
81.8000	81.6000	82.4000	88.6000	12485
81.6000	82.4000	88.6000	89.0000	1589
82.4000	88.6000	89.0000	87.0000	41528
88.6000	89.0000	87.0000	86.6000	22984
89.0000	87.0000	86.6000	86.4000	13150
87.0000	86.6000	86.4000	84.2000	1319
86.6000	86.4000	84.2000	84.0000	2472
86.4000	84.2000	84.0000	85.0000	1987
84.2000	84.0000	85.0000	88.0000	10848
84.0000	85.0000	88.0000	86.8000	7165
85.0000	88.0000	86.8000	86.0000	5535
88.0000	86.8000	86.0000	88.2000	1540
86.8000	86.0000	88.2000	88.6000	1799
86.0000	88.2000	88.6000	85.8000	13133
88.2000	88.6000	85.8000	80.2000	5461
88.6000	85.8000	80.2000	80.6000	4761
85.8000	80.2000	80.6000	79.8000	2595
80.2000	80.6000	79.8000	78.0000	20690
80.6000	79.8000	78.0000	79.0000	3642
79.8000	78.0000	79.0000	77.0000	17652
78.0000	79.0000	77.0000	79.4000	30098
79.0000	77.0000	79.4000	83.0000	37082
77.0000	79.4000	83.0000	78.4000	15937
79.4000	83.0000	78.4000	72.8000	4955
83.0000	78.4000	72.8000	72.0000	6153
78.4000	72.8000	72.0000	73.0000	80482
72.8000	72.0000	73.0000	62.6000	36728
72.0000	73.0000	62.6000	62.4000	10322
73.0000	62.6000	62.4000	53.0000	9968
62.6000	62.4000	53.0000	53.4000	117310
62.4000	53.0000	53.4000	56.0000	113889
53.0000	53.4000	56.0000	53.8000	38087
53.4000	56.0000	53.8000	57.4000	11840
56.0000	53.8000	57.4000	58.4000	15535
53.8000	57.4000	58.4000	59.4000	12073
57.4000	58.4000	59.4000	58.2000	19686
58.4000	59.4000	58.2000	55.0000	13074
59.4000	58.2000	55.0000	55.0000	11239
58.2000	55.0000	55.0000	53.6000	6222
55.0000	55.0000	53.6000	54.0000	16201
55.0000	53.6000	54.0000	55.2000	5812
53.6000	54.0000	55.2000	56.0000	5152
54.0000	55.2000	56.0000	55.0000	9465
55.2000	56.0000	55.0000	55.8000	4160
56.0000	55.0000	55.8000	58.0000	6960
55.0000	55.8000	58.0000	59.6000	3787
55.8000	58.0000	59.6000	64.0000	8166
58.0000	59.6000	64.0000	70.0000	43166
59.6000	64.0000	70.0000	67.0000	26620
64.0000	70.0000	67.0000	67.0000	31038
70.0000	67.0000	67.0000	67.8000	46926
67.0000	67.0000	67.8000	72.0000	13821
67.0000	67.8000	72.0000	73.6000	27759
67.8000	72.0000	73.6000	72.0000	5165
72.0000	73.6000	72.0000	70.4000	42343
73.6000	72.0000	70.4000	69.6000	87042
72.0000	70.4000	69.6000	69.0000	118665
70.4000	69.6000	69.0000	66.2000	21745
69.6000	69.0000	66.2000	67.4000	22290
69.0000	66.2000	67.4000	69.0000	14239
66.2000	67.4000	69.0000	68.2000	184395
67.4000	69.0000	68.2000	70.0000	3146
69.0000	68.2000	70.0000	67.8000	13006
68.2000	70.0000	67.8000	67.6000	20464
70.0000	67.8000	67.6000	67.0000	14338
67.8000	67.6000	67.0000	67.8000	14471
67.6000	67.0000	67.8000	69.8000	992
67.0000	67.8000	69.8000	68.8000	758
67.8000	69.8000	68.8000	68.2000	1094
69.8000	68.8000	68.2000	69.2000	18641
